YEAR     JAN    FEB    MAR    APR    MAY    JUN    JUL    AUG    SEP    OCT    NOV    DEC     DJF     MAM     JJA     SON     ANN
1756    -2.6   -0.8   -0.6    0.7    5.2   15.2   16.4   12.8   10.7    5.6   -1.7   -2.4   -2.23   -0.23   12.27    9.70    4.87
1757    -6.7   -1.9   -1.8    6.9    9.1   16.0   20.3   15.2   10.9    3.1    2.4   -2.7   -2.33    1.07   15.13    9.73    5.90
1758    -5.8   -5.3   -3.2    2.0    9.9   14.8   17.0   16.4    9.1    3.7    2.5   -4.7   -2.67   -2.17   13.90    9.73    4.70
1759    -0.9    0.5    0.5    4.4    7.2   16.5   18.5   17.2   10.6    5.9    0.3   -5.2   -1.93    1.80   14.07   11.23    6.29
1760   -10.4   -3.1   -2.4    3.3    9.8   15.2   17.6   16.0   13.9    5.0    0.5   -2.3   -4.07   -0.73   14.20   11.63    5.26
1761    -2.3   -3.7    1.8    4.8   10.7   17.9   17.5   17.0   12.8    3.6    1.7   -3.3   -1.30    0.97   15.37   11.13    6.54
1762    -0.5   -2.8   -3.8    5.7   10.5   18.0   16.4   13.8   10.4    1.2    3.1   -2.1    0.17   -0.30   14.97    8.47    5.82
1763    -5.9   -4.1   -4.3    2.2    9.9   15.4   18.8   16.2    9.6    5.3   -0.4   -2.0   -2.77   -2.07   14.70   10.37    5.06
1764    -2.4    0.6    0.5    4.5   10.1   13.6   20.6   15.4   10.6    5.7   -0.2   -3.2   -1.93    1.87   14.77   10.57    6.32
1765    -3.6   -3.8    0.0    4.7    8.2   14.6   16.1   16.2   10.4    6.2    3.4   -2.5   -0.90    0.30   12.97   10.93    5.83
1766    -5.4   -4.9    0.5    6.9   10.0   16.5   19.0   16.3   12.4    6.7    4.5   -3.9   -1.60    0.83   15.17   11.80    6.55
1767   -11.1   -6.5   -1.1    1.7    8.8   14.1   16.1   18.4   14.4    6.7    4.2   -2.9   -3.27   -1.97   13.00   13.17    5.23
1768    -5.0   -4.1   -4.4    3.4    8.3   14.2   17.0   15.9    9.9    5.0    1.5    1.5   -0.67   -1.70   13.17   10.27    5.27
1769    -1.5   -2.6   -0.5    3.8    8.6   15.3   16.9   14.8   11.3    2.7   -0.6   -3.4   -1.83    0.23   13.60    9.60    5.40
1770    -4.9   -2.2   -8.3    3.0    9.5   14.8   17.3   17.7   13.6    9.9    0.0   -1.7   -2.20   -2.50   13.87   13.73    5.73
1771    -7.5   -8.3   -6.9    1.7   10.0   16.7   17.2   14.5   11.5    7.1    0.9    0.1   -2.17   -4.50   14.63   11.03    4.75
1772    -4.1  -13.1   -6.0    2.2    6.6   14.7   18.0   16.2   11.4    9.6    5.5    0.7    0.70   -5.63   13.10   12.40    5.14
1773    -2.9   -2.5    0.0    5.9   11.7   14.8   19.2   18.4   13.6    8.6    4.3   -1.6   -0.07    1.13   15.23   13.53    7.46
1774   -11.7   -3.6   -1.5    4.2   11.6   18.2   19.1   17.1   12.1    6.9   -4.9   -3.7   -6.77   -0.30   16.30   12.03    5.32
1775    -4.5   -1.7    0.6    4.4   10.8   17.4   20.3   19.3   15.7    9.9    0.6    0.0   -1.30    1.10   16.17   14.97    7.73
1776    -8.8   -1.4   -1.0    3.2    7.8   17.2   19.9   17.3   12.1    7.6    3.1   -0.5   -2.07    0.27   14.97   12.33    6.38
1777    -5.5   -5.9   -3.3    2.8   11.0   14.8   15.9   16.2   11.1    5.8    2.8   -1.1   -1.27   -2.13   13.90   11.03    5.38
1778    -5.1   -3.2   -2.2    5.1   10.1   15.2   18.9   16.3   11.6    1.6    1.3   -0.6   -1.47   -0.10   14.73    9.83    5.75
1779    -2.0    2.0    3.7    6.4   10.9   14.4   17.5   20.0   13.7   10.1    2.1   -4.4   -1.43    4.03   14.27   14.60    7.87
1780    -6.0   -4.3    2.1   -0.3    8.9   14.4   19.2   17.7   11.9    8.2   -0.9   -2.4   -3.10   -0.83   14.17   12.60    5.71
1781    -5.5   -4.3    0.7    4.8    8.3   16.2   18.1   20.1   15.6    6.5    3.3   -4.5   -2.23    0.40   14.20   14.07    6.61
1782    -2.0   -4.9   -4.3    1.7    7.5   14.3   15.8   15.2   12.4    4.9   -0.2   -2.1   -1.43   -2.50   12.53   10.83    4.86
1783    -6.5   -2.2   -2.5    6.1   10.9   17.6   21.2   17.1   14.6   10.0    0.4   -3.3   -3.13    0.47   16.57   13.90    6.95
1784    -7.5   -4.3   -8.3    3.2    8.8   13.6   16.5   15.4   11.0    5.9    3.3   -4.5   -2.90   -3.13   12.97   10.77    4.43
1785    -4.5   -6.0   -6.0    3.0    7.1   14.6   17.5   15.5   10.0    5.2    1.9   -4.0   -2.20   -3.00   13.07   10.23    4.53
1786    -6.2   -4.6   -6.3    2.9    7.7   14.7   16.7   16.2   11.2    5.6   -3.3   -2.4   -3.97   -2.67   13.03   11.00    4.35
1787    -2.8   -1.2    0.7    3.2    9.2   14.5   15.9   14.2   10.7    8.8   -0.6   -4.7   -2.70    0.90   13.20   11.23    5.66
1788    -3.9   -7.7   -6.2    3.9    9.1   16.1   19.7   15.4   13.6    4.2    1.2  -10.4   -4.37   -3.33   14.97   11.07    4.58
1789    -8.2   -4.4   -8.7    2.3   11.1   17.6   20.9   19.9   15.0   10.4    3.5    3.3   -0.47   -3.60   16.53   15.10    6.89
1790     0.0    1.5    2.3    0.1   10.2   13.5   14.6   15.2   11.2    6.0    1.4   -1.1    0.10    1.30   12.77   10.80    6.24
1791     1.8    0.4    2.6    6.4    8.5   14.6   18.8   17.6   11.3    6.3    3.1   -1.3    1.20    3.13   13.97   11.73    7.51
1792    -5.0   -5.0   -2.9    5.0    8.9   14.9   19.4   15.4   12.1    5.4    3.3   -1.3   -1.00   -0.97   14.40   10.97    5.85
1793    -2.4   -0.7   -0.5    3.5   10.3   14.4   18.6   16.8   11.0    8.2    1.1   -3.6   -1.63    0.77   14.43   12.00    6.39
1794    -0.1   -1.7    3.1    6.8   11.4   16.5   18.8   15.7   11.0    8.5    2.7   -0.8    0.60    2.73   15.57   11.73    7.66
1795    -7.2   -7.8   -5.4    4.8    7.8   14.5   16.8   15.8   13.1    7.9    1.1   -3.9   -3.33   -2.80   13.03   12.27    4.79
1796     2.4   -1.9   -2.0    4.6    9.0   15.5   17.3   16.9   11.6    7.5    0.6   -5.5   -0.83    0.23   13.93   12.00    6.33
1797    -2.5    2.4    0.8    3.4    8.9   14.6   17.9   16.6   14.0    6.8    0.7   -0.7   -0.83    2.20   13.80   12.47    6.91
1798    -4.1   -2.3   -1.8    4.9   13.1   16.7   19.4   18.1   11.7    8.7    2.0   -2.4   -1.50    0.27   16.40   12.83    7.00
1799    -2.4  -12.7   -4.1    2.1    6.1   14.0   16.2   14.4   10.2    6.8    4.3   -5.4   -1.17   -4.90   12.10   10.47    4.12
1800    -6.2   -7.0   -6.2    5.2    9.2   11.7   15.3   15.9   10.9    7.4    3.6    0.3   -0.77   -2.67   12.07   11.40    5.01
1801    -4.4   -4.4    0.0    5.4   12.1   13.7   18.4   13.5   11.1    7.0    2.4   -3.8   -1.93    0.33   14.73   10.53    5.92
1802    -7.6   -2.1    2.3    5.8    7.3   13.0   14.9   16.7   10.7    8.8    0.1   -2.7   -3.40    2.00   11.73   12.07    5.60
1803    -9.9   -6.7   -1.0    7.7    9.6   13.9   18.0   17.4   10.4    4.9   -0.5   -6.6   -5.67    0.00   13.83   10.90    4.77
1804    -4.5   -8.1   -4.9    2.2   10.0   14.6   19.4   16.5   13.6    7.8   -1.3   -7.7   -4.50   -3.60   14.67   12.63    4.80
1805    -5.8   -8.1   -2.4    1.8    6.4   11.7   17.6   16.3   12.5    2.4   -0.1   -3.5   -3.13   -2.90   11.90   10.40    4.07
1806    -2.6   -4.2   -3.8    0.9    9.1   11.4   15.4   16.7   14.0    6.2    1.5    0.4   -0.23   -2.37   11.97   12.30    5.42
1807    -4.1   -2.2   -2.1    0.8    8.1   14.0   18.5   19.2   10.2    4.8    1.4   -1.4   -1.37   -1.17   13.53   11.40    5.60
1808    -2.1   -6.8   -4.0    0.4   10.4   15.2   17.6   17.3   13.1    8.5    1.0   -5.8   -2.30   -3.47   14.40   12.97    5.40
1809   -12.1   -8.1   -4.3   -0.3   11.3   14.1   17.5   18.2   12.9    6.1   -0.3    1.9   -3.50   -4.23   14.30   12.40    4.74
1810    -2.1   -3.8   -4.5    0.3    7.1   13.7   17.9   17.2   13.0    5.3    0.6   -2.9   -1.47   -2.67   12.90   11.83    5.15
1811    -4.1   -3.6    2.2    2.3   12.5   17.3   20.0   16.1   11.7    5.2    1.6   -1.2   -1.23    0.30   16.60   11.00    6.67
1812    -4.3   -2.3   -4.9   -1.3    6.3   13.7   14.4   16.5    9.1    8.4    0.1   -6.6   -3.60   -2.83   11.47   11.33    4.09
1813    -3.8   -0.8    0.4    4.2    7.7   12.4   17.2   15.8   12.7    3.7    2.8   -1.8   -0.93    1.27   12.43   10.73    5.87
1814   -14.3   -8.6   -2.7    5.3    7.0   12.0   19.2   16.6   10.6    5.8    3.2   -1.5   -4.20   -2.00   12.73   11.00    4.38
1815    -3.6   -2.4   -0.1    5.4    8.7   11.9   15.7   16.5   11.2    7.5    2.4   -2.9   -1.37    0.97   12.10   11.73    5.86
1816    -3.3   -7.7   -3.2    2.8    6.0   15.3   18.6   14.7   11.7    5.4    0.5   -1.1   -1.30   -2.70   13.30   10.60    4.98
1817     0.7   -0.4   -2.4    2.5   10.8   14.3   17.4   15.2   12.5    4.6    1.5   -7.9   -1.90   -0.10   14.17   10.77    5.73
1818    -3.0   -2.4    0.5    0.9    8.2   15.2   20.8   14.4   12.1    8.1    3.6    2.0    0.87   -0.33   14.73   11.53    6.70
1819     1.2   -1.2    0.0    3.7   10.1   17.0   20.3   19.7   14.0    5.4   -1.2   -4.8   -1.60    0.83   15.80   13.03    7.02
1820    -9.3   -3.5   -2.5    4.2    9.5   14.0   16.1   15.4   11.6    6.6    0.4   -5.1   -4.67   -0.60   13.20   11.20    4.78
1821    -4.8   -3.6   -3.6    4.9    8.8   11.0   14.3   14.3   12.3    9.8    2.6    1.3   -0.30   -0.77   11.37   12.13    5.61
1822    -2.2    2.2    4.1    5.8   11.7   14.7   16.3   16.1   11.1    8.0    4.6   -0.3    0.70    4.03   14.23   11.73    7.67
1823    -6.4   -5.5   -0.3    1.6    8.2   15.8   16.1   16.6   11.2    8.6    2.7    0.6   -1.03   -1.40   13.37   12.13    5.77
1824     0.9   -0.3   -0.8    4.9    8.8   14.4   16.7   16.1   14.7    5.2    1.6   -1.4    0.37    1.27   13.30   12.00    6.73
1825    -0.6   -2.7   -0.5    3.3    8.5   14.6   16.1   15.7   11.4    7.7    2.1    0.1    0.53    0.03   13.07   11.60    6.31
1826    -5.6    0.2    0.9    2.8   10.2   17.6   21.1   18.4   12.2    8.2    1.7   -0.1   -1.33    1.30   16.30   12.93    7.30
1827    -5.1   -7.0   -1.5    4.9   10.9   17.6   15.9   14.6   13.1    6.6   -0.7    1.9   -1.30   -1.20   14.80   11.43    5.93
1828    -4.7   -5.2   -1.9    2.6    9.0   16.2   18.5   16.2   10.5    6.6    1.6   -3.9   -2.33   -1.50   14.57   11.10    5.46
1829    -5.0  -10.1   -4.8   -1.2    9.1   15.9   17.5   14.0   11.1    4.4   -3.0   -5.5   -4.50   -5.37   14.17    9.83    3.53
1830    -5.6   -7.2    0.2    3.0    7.6   13.4   17.9   14.8   10.1    6.3    3.0   -3.0   -1.87   -1.33   12.97   10.40    5.04
1831    -8.5   -3.8   -4.0    4.0    8.5   14.9   18.7   16.2   10.3    8.7    0.8   -0.3   -2.67   -1.27   14.03   11.73    5.46
1832    -2.1   -0.9    0.5    4.4    6.2   12.6   13.0   14.8    9.4    7.7    1.5    0.1   -0.17    1.33   10.60   10.63    5.60
1833    -2.6   -1.8   -2.5    1.0   11.6   14.8   15.9   12.2   12.1    8.6    2.5   -1.9   -0.67   -1.10   14.10   10.97    5.83
1834    -3.7    0.1    0.8    3.7    9.5   14.3   19.9   19.4   11.2    6.4    0.7   -1.1   -1.37    1.53   14.57   12.33    6.77
1835    -1.8   -0.2   -0.3    3.4    6.0   15.7   16.2   13.4   12.8    7.0   -0.6   -4.1   -2.17    0.97   12.63   11.07    5.63
1836    -4.1   -2.8    1.6    3.8    7.0   13.7   15.1   13.7    8.8    6.5    0.1   -2.9   -2.30    0.87   11.93    9.67    5.04
1837    -5.2   -1.3   -4.0    0.7    7.6   12.9   14.5   15.8   10.1    6.6    2.4   -1.8   -1.53   -1.53   11.67   10.83    4.86
1838    -7.8  -11.7   -4.2   -0.3    7.9   14.9   16.4   14.3   13.1    4.9    0.2   -1.0   -2.87   -5.40   13.07   10.77    3.89
1839    -4.1   -3.4   -6.2    0.1   11.2   14.8   18.1   15.4   12.3    7.5    1.3   -3.2   -2.00   -3.17   14.70   11.73    5.32
1840    -3.6   -3.0   -1.8    5.3    6.7   14.7   15.3   15.5   12.3    4.5    1.7   -3.8   -1.90    0.17   12.23   10.77    5.32
1841    -6.4   -6.3    0.0    4.2   11.8   14.3   14.6   15.6   11.4    6.1    0.8    1.9   -1.23   -0.70   13.57   11.03    5.67
1842    -2.2    0.5    0.2    3.3   11.1   14.0   14.9   18.8   10.5    5.3   -1.0    2.3   -0.30    1.33   13.33   11.53    6.48
1843    -0.5   -3.3   -2.1    1.1    6.4   12.9   17.1   18.7   11.8    4.0    2.0    1.4    0.97   -1.43   12.13   11.50    5.79
1844    -5.0  -10.9   -4.6    4.7    9.7   12.7   14.1   14.7   11.7    6.2    0.1   -3.9   -2.93   -3.60   12.17   10.87    4.12
1845    -0.4   -8.9   -5.8    3.0    7.2   15.0   17.6   16.1   11.2    4.7    3.1   -1.8    0.30   -3.90   13.27   10.67    5.08
1846    -3.5   -4.5    1.6    3.1    7.4   14.4   18.3   20.9   12.7   10.8    2.9   -6.0   -2.20    0.07   13.37   14.80    6.51
1847    -4.0   -5.7   -1.2    0.1    7.3   14.6   16.0   17.7   11.6    5.0    5.0    0.2    0.40   -2.27   12.63   11.43    5.55
1848    -6.5   -2.5   -0.1    4.1   11.2   15.4   16.9   14.4   11.3    6.6   -0.8   -1.4   -2.90    0.50   14.50   10.77    5.72
1849    -5.9   -1.8   -1.7    2.0    9.8   12.9   15.9   15.8   11.3    5.0    1.0   -3.0   -2.63   -0.50   12.87   10.70    5.11
1850    -8.6   -1.7   -3.8    2.7   10.7   16.3   17.7   17.4   10.6    4.6   -0.5    0.1   -3.00   -0.93   14.90   10.87    5.46
1851    -1.8   -2.2   -3.4    4.0    7.6   14.3   16.7   15.2   11.5    8.4    2.2    0.4    0.27   -0.53   12.87   11.70    6.08
1852    -1.6   -4.5   -1.3    0.7   10.9   16.0   19.8   17.9   12.8    3.1   -0.5   -0.3   -0.80   -1.70   15.57   11.27    6.08
1853    -0.3   -7.2   -7.4    0.2   10.0   16.9   18.9   15.3   12.5    7.0    2.7   -1.9    0.17   -4.80   15.27   11.60    5.56
1854    -4.4   -3.5    1.1    4.7   11.1   15.1   19.7   18.6   11.6    7.0   -0.5   -2.3   -2.40    0.77   15.30   12.40    6.52
1855    -5.5  -11.0   -3.4    2.7    8.0   15.6   21.4   15.6   11.1    8.0    1.5   -5.4   -3.13   -3.90   15.00   11.57    4.88
1856    -4.1   -5.6   -2.2    4.1    7.1   14.2   16.4   13.0   11.0    7.9   -2.8   -2.4   -3.10   -1.23   12.57   10.63    4.72
1857    -5.9   -0.9   -0.7    2.1    8.7   14.0   16.9   19.4   13.0    9.3    2.6    2.7   -0.20    0.17   13.20   13.90    6.77
1858    -1.5   -3.0    0.0    3.7    9.6   16.6   19.9   19.1   15.1    7.1   -1.5   -0.7   -1.23    0.23   15.37   13.77    7.03
1859     0.2    0.1    0.7    2.2    9.7   15.8   17.0   16.9   11.7    5.7    2.0   -3.2   -0.33    1.00   14.17   11.43    6.57
1860    -1.8   -6.2   -2.7    3.4    7.4   14.3   16.4   15.2   11.5    5.4    1.0   -5.3   -2.03   -1.83   12.70   10.70    4.88
1861    -8.6   -1.3   -0.2    2.2    5.9   15.8   18.1   15.2   10.0    8.1    0.6    0.1   -2.63    0.23   13.27   11.10    5.49
1862    -7.2   -6.8   -4.4    2.9   10.2   13.0   14.0   13.8   11.0    7.4    2.9   -1.8   -2.03   -2.77   12.40   10.73    4.58
1863     0.9    0.9   -0.2    3.8    8.1   14.5   14.3   15.0   11.8    8.5    3.5   -0.5    1.30    1.50   12.30   11.77    6.72
1864    -4.1   -1.6   -1.9    2.2    5.1   14.5   15.9   12.0   10.7    3.3   -1.1   -0.6   -1.93   -0.43   11.83    8.67    4.53
1865    -2.7   -8.8   -4.2    4.3   10.8   10.8   18.7   14.0   12.4    4.8    3.7    1.0    0.67   -2.90   13.43   10.40    5.40
1866     1.4   -3.0   -5.8    3.9    7.0   15.4   14.4   14.8   13.5    6.2   -1.0   -2.6   -0.73   -1.63   12.27   11.50    5.35
1867    -9.4   -2.0   -5.0    0.5    3.4   11.8   14.5   14.8   10.5    7.1    0.1   -7.6   -5.63   -2.17    9.90   10.80    3.22
1868    -5.5   -1.5    0.1    3.4   10.4   15.3   18.5   18.8   11.2    6.6    0.5   -1.0   -2.00    0.67   14.73   12.20    6.40
1869    -2.1   -0.5   -2.1    5.8    7.4   12.1   16.0   14.6   11.2    5.5   -0.3   -0.8   -1.07    1.07   11.83   10.43    5.57
1870    -1.1   -7.1   -2.3    5.4    8.9   13.7   16.9   14.6   11.1    4.9    2.5   -7.2   -1.93   -1.33   13.17   10.20    5.03
1871    -5.2  -12.2    1.8    0.6    6.2   10.9   16.5   15.7    8.8    5.1   -1.3   -2.9   -3.13   -3.27   11.20    9.87    3.67
1872    -0.1   -1.5   -0.9    3.9   10.3   14.9   18.5   14.9   11.3    8.7    3.5   -1.7    0.57    0.50   14.57   11.63    6.82
1873     1.8   -2.4   -0.6    2.4    5.8   14.9   18.2   15.4   11.9    6.2    2.1    0.1    1.33   -0.20   12.97   11.17    6.32
1874     1.2   -1.3   -0.5    3.6    6.3   13.9   16.8   13.9   11.8    8.8    1.4   -5.5   -0.97    0.60   12.33   11.50    5.87
1875    -9.3   -5.9   -3.0    1.3    9.8   14.8   16.8   15.8   11.3    4.1   -1.5   -4.6   -5.13   -2.53   13.80   10.40    4.13
1876    -3.6   -4.3   -2.1    3.7    5.6   16.7   17.5   16.1   10.7    5.8   -1.9   -7.4   -4.30   -0.90   13.27   10.87    4.73
1877    -4.6   -5.5   -4.9   -0.2    5.6   14.6   16.1   14.1    8.2    5.4    5.0    0.5    0.30   -3.53   12.10    9.23    4.53
1878    -2.9   -0.5   -1.1    5.0    8.7   13.3   14.3   15.4   12.6    8.4    1.6   -3.0   -1.43    1.13   12.10   12.13    5.98
1879    -5.4   -7.0   -3.1    1.0    8.5   14.2   15.7   16.4   12.7    5.9   -1.0   -3.6   -3.33   -3.03   12.80   11.67    4.53
1880    -3.3   -0.9   -0.6    4.0    8.4   13.8   16.7   17.8   13.5    0.6   -0.2   -4.2   -2.57    0.83   12.97   10.63    5.47
1881    -7.7   -8.0   -6.2    0.5    7.8   12.6   15.5   13.6   10.7    4.1    2.5    0.6   -1.53   -4.57   11.97    9.47    3.83
1882     0.9   -1.3    1.2    3.6    9.4   13.9   16.6   17.0   12.9    7.0   -0.4   -4.0   -1.17    1.17   13.30   12.30    6.40
1883    -3.5   -1.3   -4.4    2.5    8.8   14.8   16.6   14.7   11.5    6.1    4.0   -1.5   -0.33   -1.07   13.40   10.77    5.69
1884    -1.6   -1.5    0.3    2.3    7.6   12.2   16.5   14.2   13.8    7.1   -0.8   -2.0   -1.47    0.37   12.10   11.70    5.67
1885    -4.5   -1.5   -1.0    3.7    6.4   13.0   16.4   12.4    9.7    4.5    0.3   -1.6   -1.93    0.40   11.93    8.87    4.82
1886    -3.6   -3.8   -3.0    4.5    8.7   13.9   16.2   16.1   11.8    6.0    4.3   -2.3   -0.53   -0.77   12.93   11.30    5.73
1887    -1.2   -0.6   -0.3    3.9    8.7   13.0   16.7   14.6   11.8    4.0    0.8   -2.8   -1.07    1.00   12.80   10.13    5.72
1888    -3.8   -7.6   -8.9   -0.3    7.5   12.2   14.7   14.1   11.1    4.2   -0.1    0.5   -1.13   -5.60   11.47    9.80    3.63
1889    -1.8   -7.2   -4.3    2.1   11.9   16.8   15.0   14.7    9.7    7.8    2.5   -1.5   -0.27   -3.13   14.57   10.73    5.48
1890     0.3   -1.9    0.4    3.7   11.0   13.4   14.6   14.9   12.1    4.8    1.8   -3.0   -0.30    0.73   13.00   10.60    6.01
1891    -5.1   -0.5   -2.4    2.6    8.8   12.6   17.7   14.4   11.5    8.6    0.9    0.0   -1.40   -0.10   13.03   11.50    5.76
1892    -6.0   -4.9   -2.0    2.9    8.2   12.9   14.7   14.8   12.0    5.7    2.7   -4.6   -2.63   -1.33   11.93   10.83    4.70
1893    -7.9  -11.0   -0.5    4.0    7.1   13.8   16.5   15.0    9.8    7.1    0.5    0.2   -2.40   -2.50   12.47   10.63    4.55
1894    -1.3   -0.7    2.8    5.9    9.0   13.5   17.0   15.1    9.1    4.5    4.1    0.3    1.03    2.67   13.17    9.57    6.61
1895    -5.8   -8.2   -2.8    4.0   11.7   15.9   15.5   15.4   11.5    5.8    2.1   -1.7   -1.80   -2.33   14.37   10.90    5.28
1896    -2.5   -0.8    0.1    3.4    8.2   17.4   18.8   14.4   11.5    7.5    0.5   -1.8   -1.27    0.90   14.80   11.13    6.39
1897    -5.2   -4.2   -1.8    3.7   10.2   15.1   17.2   17.2   11.3    6.4    1.5    0.3   -1.13   -0.77   14.17   11.63    5.98
1898     0.9   -2.2   -1.3    1.9    8.7   13.9   14.8   14.9   11.4    6.0    3.5    0.1    1.50   -0.53   12.47   10.77    6.05
1899    -4.1   -2.5   -3.5    3.3    7.0   11.3   19.1   14.0   11.2    6.4    3.6   -2.4   -0.97   -0.90   12.47   10.53    5.28
1900    -3.2   -7.6   -2.9    2.6    6.8   14.8   16.6   16.2   11.2    6.8    2.5   -1.1   -0.60   -2.63   12.73   11.40    5.23
1901    -3.6   -6.7   -2.0    3.9   10.1   15.3   20.7   17.6   12.7    9.8   -1.2   -3.7   -2.83   -1.60   15.37   13.37    6.08
1902    -1.6   -5.0   -2.8    0.4    5.8   11.5   13.2   13.0    9.4    4.6    1.1   -4.4   -1.63   -2.47   10.17    9.00    3.77
1903    -3.6    0.5    3.4    2.6    9.2   13.6   16.0   13.9   12.0    4.6    0.2   -0.6   -1.33    2.17   12.93   10.17    5.98
1904    -0.5   -4.9   -2.1    3.8    7.1   12.3   15.5   14.7   11.5    6.6   -0.1   -2.2   -0.93   -1.07   11.63   10.93    5.14
1905    -3.4   -1.4    0.2    1.7    9.7   16.6   16.6   14.5   11.3    3.9    1.8    0.0   -0.53    0.17   14.30    9.90    5.96
1906    -1.0   -1.2   -2.0    5.2   10.6   14.1   17.1   14.7   10.9    6.9    3.8   -2.4    0.13    0.67   13.93   10.83    6.39
1907    -4.1   -3.0    0.1    2.3    7.2   12.7   14.5   12.8   10.9   10.1    3.2   -3.3   -1.40   -0.20   11.47   11.27    5.28
1908    -2.3   -1.6   -2.1    2.5    7.8   13.4   15.8   15.5   10.8    8.1   -0.5   -0.8   -1.20   -0.40   12.33   11.47    5.55
1909    -1.5   -5.2   -2.3    1.3    5.2   13.1   15.0   15.1   11.0    9.9   -1.7   -1.0   -1.40   -2.07   11.10   12.00    4.91
1910    -1.8   -0.2    1.3    4.7    9.7   14.8   14.7   14.3   11.8    7.0    1.4    0.3   -0.03    1.93   13.07   11.03    6.50
1911    -1.4   -2.1    0.2    4.0   10.5   12.8   15.9   17.6   12.2    5.6    3.4    1.4    1.13    0.70   13.07   11.80    6.67
1912    -5.4   -4.2    1.2    3.2    7.2   13.7   18.1   15.8    9.1    4.9    1.2    1.8   -0.80    0.07   13.00    9.93    5.55
1913    -3.2   -0.5    1.8    4.7    9.5   13.4   16.0   15.2   11.5    7.0    4.6   -2.1   -0.23    2.00   12.97   11.23    6.49
1914    -3.6    1.4   -0.7    6.4    9.0   14.3   20.7   15.5   11.8    5.9    1.5    2.2    0.03    2.37   14.67   11.07    7.03
1915    -4.7   -2.1   -4.0    3.9    7.4   12.5   15.8   15.0   10.1    4.2    0.3   -7.0   -3.80   -0.73   11.90    9.77    4.28
1916    -1.9   -2.4   -2.8    4.8    7.9   11.6   16.5   13.0    9.9    5.3    4.4   -0.7    0.60   -0.13   12.00    9.40    5.47
1917    -8.1   -5.2   -6.0    0.6    8.6   17.7   15.9   17.2   12.3    7.3    2.4   -2.4   -2.70   -3.53   14.07   12.27    5.03
1918    -5.7   -2.1   -0.1    3.7    9.6   11.9   16.8   15.2   10.7    7.9    3.6   -1.2   -1.10    0.50   12.77   11.27    5.86
1919    -1.5   -4.6   -2.3    3.1    9.8   13.4   17.4   13.6   12.4    5.2   -1.9   -3.3   -2.23   -1.27   13.53   10.40    5.11
1920    -3.3    0.3    2.9    4.9   10.3   13.1   16.6   14.5   11.8    5.9    3.2   -0.9   -0.33    2.70   13.33   10.73    6.61
1921    -1.8   -1.9    3.4    6.7   12.4   13.2   14.7   15.1   10.9    7.2   -0.8   -1.0   -1.20    2.73   13.43   11.07    6.51
1922    -5.7   -4.4   -1.5    1.6    9.7   14.0   15.3   14.1   10.6    4.3    0.5   -0.5   -1.90   -1.43   13.00    9.67    4.83
1923    -0.7   -5.7   -0.5    1.9    7.4    9.9   16.7   13.6   10.7    7.1    0.7   -3.9   -1.30   -1.43   11.33   10.47    4.77
1924    -4.0   -6.9   -3.9    1.2    8.7   12.6   16.2   16.3   12.8    8.0    2.8    2.4    0.40   -3.20   12.50   12.37    5.52
1925     0.5    0.5   -2.7    5.6    9.5   13.8   18.8   15.9   11.1    4.3   -1.7   -4.5   -1.90    1.13   14.03   10.43    5.93
1926    -3.8   -5.0   -0.4    3.3    8.0   13.6   18.2   15.5   11.4    4.0    3.5   -2.9   -1.07   -0.70   13.27   10.30    5.45
1927    -1.7   -2.1    1.4    2.6    5.6   12.2   18.7   17.1   11.6    5.5   -0.6   -5.5   -2.60    0.63   12.17   11.40    5.40
1928    -3.1   -2.5   -2.0    3.5    7.8   10.2   14.5   13.7   10.9    6.7    3.0   -1.2   -0.43   -0.33   10.83   10.43    5.12
1929    -4.5   -9.1    0.2    0.6    8.9   12.1   15.2   14.4   11.7    7.4    3.9    3.0    0.80   -2.77   12.07   11.17    5.32
1930     1.6   -1.9    0.6    5.1   10.3   15.5   17.7   16.0    9.9    7.8    2.7    0.8    1.70    1.27   14.50   11.23    7.18
1931    -3.5   -3.8   -4.3    1.4    9.4   11.8   15.7   15.0    8.4    5.6    3.7   -1.8   -0.53   -2.23   12.30    9.67    4.80
1932     1.0   -2.9   -2.6    3.3    8.8   11.8   18.3   16.0   11.8    5.2    2.5    2.3    1.93   -0.73   12.97   11.00    6.29
1933    -2.4   -3.6    0.8    3.2    7.6   14.7   18.1   15.8   12.0    7.8    1.1   -3.1   -1.47    0.13   13.47   11.87    6.00
1934     0.0    0.1    0.2    5.2   11.2   14.4   16.0   16.8   14.8    8.5    3.4    2.6    2.00    1.83   13.87   13.37    7.77
1935    -2.5   -1.2   -0.4    4.3    7.2   15.5   16.9   15.3   11.3    7.4    4.6    0.2    0.77    0.90   13.20   11.33    6.55
1936    -1.6   -5.1    0.3    3.2    9.3   17.4   18.4   16.2   10.9    4.6    3.6    2.7    1.57   -0.53   15.03   10.57    6.66
1937    -1.7   -3.5   -2.3    4.8   12.2   15.4   18.4   18.3   12.6    8.8    2.6   -3.9   -1.00   -0.33   15.33   13.23    6.81
1938    -1.5    0.4    3.6    4.3    8.9   14.0   17.3   18.1   13.6    8.3    5.1   -0.5    1.03    2.77   13.40   13.33    7.63
1939    -1.5    1.6   -0.4    4.6    9.1   14.8   17.5   19.1   11.9    3.9    3.1   -2.8   -0.40    1.93   13.80   11.63    6.74
1940    -7.4  -10.8   -5.5    2.3   10.2   15.4   17.6   14.4   10.4    6.1    2.7   -2.7   -2.47   -4.67   14.40   10.30    4.39
1941   -10.9   -6.6   -3.1    1.2    7.8   13.9   19.8   15.3   11.0    4.9    0.7   -2.7   -4.30   -2.83   13.83   10.40    4.28
1942   -11.2  -11.1   -7.2    3.8    7.5   12.2   15.8   16.4   12.3    7.6    1.8   -0.1   -3.17   -4.83   11.83   12.10    3.98
1943    -3.8    1.3    2.4    6.4   10.5   15.0   16.4   14.9   12.1    9.1    2.4    0.3   -0.37    3.37   13.97   12.03    7.25
1944    -1.9   -1.5   -1.1    2.3    7.8   12.7   18.7   18.4   11.7    7.8    2.9    1.4    0.80   -0.10   13.07   12.63    6.60
1945    -2.7   -1.1    1.3    4.8    8.6   13.3   18.4   17.2   10.7    6.4    1.9   -1.4   -0.73    1.67   13.43   11.43    6.45
1946    -2.5   -5.1   -1.4    5.7    9.1   13.7   18.1   15.5   12.6    5.4    2.5   -0.3   -0.10   -0.27   13.63   11.17    6.11
1947    -4.3  -10.7   -5.1    4.6   11.9   16.2   18.3   17.4   14.6    6.8    0.0   -2.0   -2.10   -3.73   15.47   12.93    5.64
1948    -5.4   -3.3    1.7    6.1    9.8   14.4   17.5   15.4   12.2    6.1    1.4    2.3   -0.57    1.50   13.90   11.23    6.52
1949    -0.1    0.8   -0.6    5.1   11.5   12.5   17.1   14.9   15.1    8.0    4.1    1.0    1.67    1.77   13.70   12.67    7.45
1950    -5.0   -1.7    0.9    5.2   10.4   15.1   15.2   16.7   12.2    7.4    2.0   -1.1   -1.37    1.47   13.57   12.10    6.44
1951    -3.4   -1.9   -3.5    4.1    7.2   13.5   15.8   16.9   13.4    8.5    3.9    2.0    0.83   -0.43   12.17   12.93    6.38
1952    -1.8   -2.4   -3.7    5.9    7.7   13.1   15.6   14.7    9.4    4.9   -0.3   -1.7   -1.27   -0.07   12.13    9.67    5.12
1953    -3.2   -4.3    2.6    5.9    9.3   16.5   16.6   15.6   11.7    9.3    3.4    1.9    0.70    1.40   14.13   12.20    7.11
1954    -4.8   -6.0    0.0    2.4   10.4   14.0   15.7   15.1   11.6    6.6    1.6    1.6   -0.53   -1.20   13.37   11.10    5.68
1955    -3.4   -5.2   -3.5    1.0    6.6   12.4   18.9   19.0   14.0    6.6    2.3   -3.2   -1.43   -2.57   12.63   13.20    5.46
1956    -4.6   -9.2   -1.6    0.8   10.3   13.3   15.2   13.2   11.5    6.2   -1.7   -0.3   -2.20   -3.33   12.93   10.30    4.43
1957    -0.5   -1.6   -2.3    3.1    7.9   12.6   16.9   14.9   10.0    7.4    2.2   -0.9    0.27   -0.27   12.47   10.77    5.81
1958    -4.1   -6.7   -5.5    1.8    8.6   12.8   15.7   14.6   12.9    8.7    4.4   -1.6   -0.43   -3.47   12.37   12.07    5.13
1959    -4.4   -1.6    2.2    5.1    9.5   14.3   18.4   17.9   11.7    7.7    3.9   -0.1   -0.20    1.90   14.07   12.43    7.05
1960    -4.6   -5.2   -1.5    3.4   10.1   15.9   15.4   14.7   11.8    6.1    3.1    1.2   -0.10   -1.10   13.80   10.87    5.87
1961    -2.7    0.4    3.0    5.0    8.6   15.6   14.8   14.0   12.8   10.8    3.3   -3.4   -0.93    2.80   13.00   12.53    6.85
1962    -2.0   -2.8   -4.1    4.1    7.3   12.8   13.9   13.2   10.5    8.0    1.9   -3.2   -1.10   -0.93   11.33   10.57    4.97
1963    -7.7   -7.8   -4.4    3.3   11.3   14.3   16.4   16.0   13.0    7.5    2.7   -1.8   -2.27   -2.97   14.00   12.17    5.23
1964    -2.0   -4.3   -2.3    5.2   10.8   13.8   15.9   14.3   11.7    7.4    2.3   -0.9   -0.20   -0.47   13.50   11.13    5.99
1965    -2.0   -4.7   -1.4    3.2    7.4   14.2   14.0   14.0   12.7    7.8   -1.6   -4.0   -2.53   -0.97   11.87   11.50    4.97
1966    -7.3  -10.8   -1.3    0.7    9.4   16.9   17.5   14.8   10.9    6.7    2.6   -0.4   -1.70   -3.80   14.60   10.80    4.97
1967    -5.3   -1.6    2.6    4.2    8.0   13.9   17.3   15.7   12.7    8.8    4.2   -4.6   -1.90    1.73   13.07   12.40    6.33
1968    -7.0   -4.0    0.8    6.4    7.3   16.6   15.6   16.8   12.5    5.6    0.5   -1.5   -2.67    1.07   13.17   11.63    5.80
1969    -3.0   -6.0   -4.0    3.9    8.1   16.1   17.9   18.0   12.0    7.7    1.0   -4.0   -2.00   -2.03   14.03   12.57    5.64
1970    -7.6  -10.7   -1.6    1.7    8.9   16.6   15.0   16.0   11.4    6.9    0.5   -0.8   -2.63   -3.53   13.50   11.43    4.69
1971    -1.2   -1.9   -2.8    2.7   10.4   13.8   16.7   15.6   10.7    7.4    0.8    1.1    0.23   -0.67   13.63   11.23    6.11
1972    -3.8   -1.0    0.2    3.1    8.8   15.4   19.2   15.5   11.0    7.1    3.3    3.3    0.93    0.77   14.47   11.20    6.84
1973     0.7   -0.7    2.9    3.1    9.7   16.4   19.2   15.9   10.1    4.9   -0.6   -2.5   -0.80    1.77   15.10   10.30    6.59
1974     0.2    0.6    0.8    5.4    8.2   14.1   14.6   15.6   12.9    5.7    3.3    1.2    1.57    2.27   12.30   11.40    6.88
1975     1.1   -1.2    0.9    3.8   10.3   14.0   18.4   18.9   13.8    7.5    3.3    0.7    1.70    1.17   14.23   13.40    7.62
1976    -5.1   -2.1   -2.9    3.5    9.7   13.7   16.6   16.5   10.0    5.9    2.4   -2.6   -1.77   -0.50   13.33   10.80    5.47
1977    -2.2   -5.0    0.4    2.3    8.9   14.0   13.5   14.5    9.9    8.0    3.4   -0.1    0.37   -0.77   12.13   10.80    5.63
1978    -1.5   -6.3   -1.6    2.6    8.9   14.6   14.8   14.9    9.7    6.8    4.9   -6.0   -0.87   -1.77   12.77   10.47    5.15
1979    -7.1   -6.2   -1.1    2.8    9.8   16.4   14.1   15.4   11.5    5.5    2.8   -1.7   -2.00   -1.50   13.43   10.80    5.18
1980    -4.7   -6.2   -3.1    4.8    7.8   15.6   16.8   14.6   12.8    5.7    0.0   -0.8   -1.83   -1.50   13.40   11.03    5.28
1981    -4.0   -2.7   -2.2    3.9   10.8   12.6   16.4   14.6   11.7    6.5    1.1   -5.7   -2.87   -0.33   13.27   10.93    5.25
1982    -7.2   -4.0    1.1    4.1    9.4   12.5   17.4   17.0   12.3    7.6    4.5    0.3   -0.80    0.40   13.10   12.30    6.25
1983     0.7   -3.8   -0.1    4.0   10.2   14.0   18.0   17.8   12.4    7.5    1.2   -1.1    0.27    0.03   14.07   12.57    6.73
1984    -3.0   -1.7   -2.0    5.3   10.9   13.3   15.3   16.4   10.6    8.9    4.3    0.8    0.70    0.53   13.17   11.97    6.59
1985    -9.0  -11.6   -1.7    1.6    9.0   13.6   15.9   15.4   10.3    8.0    0.3   -4.3   -4.33   -3.90   12.83   11.23    3.96
1986    -5.0   -8.4    0.2    2.1   11.5   15.1   16.3   13.1    9.0    7.2    4.8   -1.5   -0.57   -2.03   14.30    9.77    5.37
1987   -12.0   -4.4   -4.2    4.1    7.5   11.3   15.5   12.5   10.6    8.6    2.4   -1.5   -3.70   -1.50   11.43   10.57    4.20
1988    -0.1   -0.9   -2.1    3.1   11.2   14.9   17.2   14.9   13.2    6.4   -0.8   -2.4   -1.10    0.03   14.43   11.50    6.22
1989     2.4    2.4    2.6    4.6   11.5   15.0   17.4   15.2   13.0    7.7    2.3   -2.2    0.83    3.20   14.63   11.97    7.66
1990     0.5    3.5    3.9    6.5   10.8   14.4   15.1   16.7   10.2    7.4    1.5    0.8    0.93    4.63   13.43   11.43    7.61
1991    -0.7   -3.1    1.4    4.8    7.2   11.1   17.9   17.1   11.7    7.4    3.5    0.6    1.13    1.03   12.07   12.07    6.57
1992     0.6   -0.1    2.0    2.6   12.6   17.0   17.0   15.8   11.8    4.0    2.1    1.0    1.23    1.50   15.53   10.53    7.20
1993    -0.3   -0.9    1.0    5.2   12.6   12.2   15.7   13.6    9.2    6.2    0.9   -0.4    0.07    1.77   13.50    9.67    6.25
1994    -2.1   -6.9   -0.1    6.0    8.6   13.2   20.6   16.6   11.8    6.2    3.0    1.8    0.90   -0.33   14.13   11.53    6.56
1995    -2.5    0.1    1.3    3.3    8.1   15.0   17.0   17.7   12.1    9.4   -0.1   -4.9   -2.50    1.57   13.37   13.07    6.38
1996    -4.0   -6.9   -1.5    5.6    7.6   14.1   15.1   19.1   10.5    8.3    3.2   -3.2   -1.33   -0.93   12.27   12.63    5.66
1997    -2.3   -0.5    1.6    3.1    8.2   15.1   18.6   20.6   12.8    4.8    2.1   -0.5   -0.23    1.40   13.97   12.73    6.97
1998    -0.3    0.8   -0.5    3.1    9.8   12.4   15.5   14.1   12.7    6.6   -0.3   -0.4   -0.33    1.13   12.57   11.13    6.12
1999    -2.3   -2.4    0.7    6.6    8.9   16.0   19.2   16.4   15.7    7.8    4.3   -1.6    0.13    1.63   14.70   13.30    7.44
2000    -1.0   -0.4    1.2    6.0   11.1   13.6   15.3   15.7   11.7   10.3    6.6    2.3    2.63    2.27   13.33   12.57    7.70
2001   999.9  999.9  999.9  999.9  999.9  999.9  999.9  999.9  999.9  999.9  999.9  999.9  999.90  999.90  999.90  999.90  999.90
2002   999.9  999.9  999.9  999.9  999.9  999.9  999.9  999.9  999.9  999.9  999.9  999.9  999.90  999.90  999.90  999.90  999.90
2003   999.9  999.9  999.9  999.9  999.9  999.9  999.9  999.9  999.9  999.9  999.9  999.9  999.90  999.90  999.90  999.90  999.90
2004   999.9  999.9  999.9  999.9  999.9  999.9  999.9  999.9  999.9  999.9  999.9  999.9  999.90  999.90  999.90  999.90  999.90
2005   999.9  999.9  999.9  999.9  999.9  999.9  999.9  999.9  999.9  999.9  999.9  999.9  999.90  999.90  999.90  999.90  999.90
2006   999.9  999.9  999.9  999.9  999.9  999.9  999.9  999.9  999.9  999.9  999.9  999.9  999.90  999.90  999.90  999.90  999.90
2007   999.9  999.9  999.9  999.9  999.9  999.9  999.9  999.9  999.9  999.9  999.9  999.9  999.90  999.90  999.90  999.90  999.90
2008   999.9  999.9  999.9  999.9  999.9  999.9  999.9  999.9  999.9  999.9  999.9  999.9  999.90  999.90  999.90  999.90  999.90
